Scheduling [0 2 6 5 7 4 1 3]
Scheduling [11 13 15 10 14 12 9 8]
Scheduling [19 18 23 16 21 20 17 22]
Scheduling [31 45 44 35 24 34 41]
Scheduling [43 37 25 26 40 32 28 42]
Scheduling [64 65 60 61 66 63 59 62]
Scheduling [36 39 27 30 29 38 67 33]
Scheduling [57 46 51 31 73 56 58]
Scheduling [53 55 50 52 47 54 49 48]
Scheduling [95 76 75 77 93 91 92]
Scheduling [71 72 96 90 70 74 69 68]
Scheduling [81 82 88 89 103 85 84]
Scheduling [80 83 94 79 86 87 58 78]
Scheduling [104 106 109 108 97 93 99 105]
Scheduling [118 102 117 101 100 98 107]
Scheduling [114 113 116 111 112 89 110 115]
Scheduling [131 126 121 136 122 129 125 119]
Scheduling [124 134 133 123 120 107 135 127]
Scheduling [142 139 132 141 128 130 137 148]
Scheduling [145 143 146 144 138 140 149]
Scheduling [165 154 176 167 175 162 150 152]
Scheduling [164 178 138 172 186 177 170 166]
Scheduling [153 156 151 159 157 158 160 147]
Scheduling [187 182 185 179 180 184 183 181]
Scheduling [163 161 171 174 155 173 168 169]
Scheduling [199 188 196 198 201 189]
Scheduling [195 192 193 190 200 197 194 191]
Scheduling [206 203 208 215 209 204 205 207]
Scheduling [213 216 210 189 217 218 224 211]
Scheduling [214 228 220 202 212 222 219 221]
Scheduling [231 230 223 227 239 225 226 229]
Scheduling [248 236 243 234 235 237 238]
Scheduling [241 250 258 242 233 245 232]
Scheduling [244 247 256 246 252 240 262]
Scheduling [254 251 264 255 249 253]
Scheduling [265 260 259 234 263 261 273 257]
Scheduling [267 266 258 270 268 284 274]
Scheduling [275 271 272 269 282 276 277 281]
Scheduling [278 280 279 286 287 283 288 285]
Scheduling [296 300 309 298 290 294 258 292]
Scheduling [297 289 293 310 308 295 315 291]
Scheduling [305 306 304 302 299 301 303 307]
Scheduling [324 317 311 333 316 312 314 313]
Scheduling [322 319 318 325 321 323 320 334]
Scheduling [345 343 326 328 341 349 327 337]
Scheduling [331 336 335 347 351 329 330 332]
Scheduling [340 339 346 348 342 338 350 344]
Scheduling [353 355 367 356 354 352 358]
Scheduling [370 365 369 378 363 379 380]
Scheduling [366 368 357 361 359 362 364 360]
Scheduling [391 376 373 371 374 375 377 372]
Scheduling [353 386 384 381 385 382]
Scheduling [390 388 392 387 389]
Scheduling [397 396 394 395]
Scheduling [399 383 393 398 365]
